1.0   5.55   6.95
1.0   4.10   8.15
1.0   5.35   8.60
1.0   4.60   8.40
1.0   4.10   7.35
1.0   5.15   6.90
1.0   5.10   6.25
1.0   4.20   7.50
1.0   5.35   8.30
1.0   5.75   7.10
1.0   4.25   7.25
1.0   4.10   8.00
1.0   4.60   8.20
1.0   4.60   6.05
1.0   4.95   7.60
1.0   4.10   7.60
1.0   4.85   7.25
1.0   5.15   8.25
1.0   4.45   7.05
1.0   4.40   6.60
1.0   3.30   7.65
1.0   3.35   7.85
1.0   3.15   7.20
1.0   3.30   8.15
1.0   4.20   5.95
1.0   3.00   6.40
1.0   6.10   4.50
1.0   4.90   7.90
1.0   2.65   6.45
1.0   3.40   7.15
1.0   4.20   8.35
1.0   2.95   7.45
1.0   3.95   7.00
1.0   5.15   6.60
1.0   4.15   7.15
1.0   4.25   7.95
1.0   3.50   5.95
1.0   3.85   7.35
1.0   3.20   8.15
1.0   4.60   6.05
0.0   3.65   5.30
0.0   3.65   5.35
0.0   2.40   6.05
0.0   1.90   5.75
0.0   3.45   6.00
0.0   3.75   6.45
0.0   3.55   5.10
0.0   3.70   5.05
0.0   2.15   4.20
0.0   3.55   5.85
0.0   2.65   6.85
0.0   2.65   5.55
0.0   1.85   6.70
0.0   4.00   6.70
0.0   3.25   7.15
0.0   3.90   7.15
0.0   4.30   5.55
0.0   2.20   5.40
0.0   3.60   6.25
0.0   3.10   5.55
0.0   3.85   7.60
0.0   4.00   7.50
0.0   3.75   6.30
0.0   2.45   5.80
0.0   3.00   6.70
0.0   3.30   5.60
0.0   5.65   6.10
0.0   4.10   5.70
0.0   4.95   6.30
0.0   3.45   7.25
0.0   3.25   6.90
0.0   3.60   7.30
0.0   2.70   5.35
0.0   4.10   6.35
0.0   2.95   5.25
0.0   2.00   6.55
0.0   3.80   6.50
0.0   1.85   7.45
0.0   1.60   7.25
0.0   3.35   6.80
