124
0
-0.778901
-0.45924
0
0.551826
0.241614
0
-0.223647
0
0.305322
0
0
0
0
-0.240272
0
0
0
-0.205853
0
0
0
0
0.28764
-0.211774
0.200033
0
0
0
0.216882
0
0
0.406905
-0.265864
0
-0.928
0
0
0
0.860212
0.909376
-0.356169
-0.633806
0
-0.224121
0
0
0
-0.23674
-0.437192
0
0.802495
0.276795
0
0
0
0
-0.231935
0
0
0
0.541276
-0.535407
0.484722
-0.341112
-0.212765
-0.355923
0
0
-0.256483
0
0
-0.30243
0
-0.994797
0.575588
-0.681725
0.262516
-0.67503
0
-0.230293
0
0.226776
0
0
0
0
0
0
0
0
0
0
0
0
0
0
0
0
0
0
0
0
0
0
0
0
0
0
0
0
0
0
0
0
0
0
0
0
0
0
0
0
0
