124
0
-0.778901
-0.45924
0.0254923
0.551826
0.241614
-0.0914431
-0.223647
0.0974225
0.305322
0.106932
-0.150263
0
-0.00228426
-0.240272
0.0320634
-0.103263
0.0981162
-0.205853
-0.0512146
-0.146468
-0.121153
-0.193212
0.28764
-0.211774
0.200033
-0.17921
-0.110083
-0.0361224
0.216882
-0.0396336
-0.148318
0.406905
-0.265864
-0.0276158
-0.928
-0.193212
-0.146468
-0.0117412
0.860212
0.909376
-0.356169
-0.633806
-0.0561127
-0.224121
-0.0974435
0.0390682
0.181035
-0.23674
-0.437192
-0.0206181
0.802495
0.276795
-0.0169744
-0.142529
0.0601609
-0.113868
-0.231935
-0.0468704
-0.029435
0
0.541276
-0.535407
0.484722
-0.341112
-0.212765
-0.355923
-0.0075203
0.0347495
-0.256483
-0.0168832
-0.173072
-0.30243
-0.116778
-0.994797
0.575588
-0.681725
0.262516
-0.67503
0.0716682
-0.230293
0.187671
0.226776
0.0149473
0.0283351
-0.060062
-0.103124
0.0112998
-0.0404336
0
-0.0439968
0.106239
0.0148631
0.00895457
-0.0297987
-0.00409954
0
-0.00162663
0.0347784
0.0905651
-0.0045066
-0.0129944
-0.0189058
-0.154256
0.0137234
-0.0286107
-0.00383384
-0.0370626
-0.000941596
-0.00556087
0.0114896
0
0.00183635
-0.0332301
-0.0339155
-0.00199822
0
-0.00704572
0.0485163
-0.0585102
0
0
0
0
