124
0
-0.596739
-0.375063
0.0226533
0.422274
0.166268
-0.181007
-0.148746
0.0871895
0.179542
0.0679448
-0.0766838
0
-0.0019933
-0.159864
0.0300893
-0.095685
0.032288
-0.167435
0.0960996
-0.161822
-0.11163
-0.219981
0.177112
-0.118588
0.117757
-0.119885
-0.0948919
-0.0279581
0.189846
-0.030339
-0.109453
0.235284
-0.163605
-0.0185536
-0.676315
-0.219981
-0.161822
-0.000830826
0.698342
0.787386
-0.286443
-0.629171
-0.0499635
-0.139994
-0.0616688
0.0192478
0.100948
-0.196601
-0.326326
-0.0349194
0.606359
0.242165
-0.0446806
-0.107996
-0.0126019
-0.0936352
-0.155192
-0.0261319
-0.0231489
0
0.363224
-0.421641
0.490516
-0.376289
-0.151653
-0.264763
-0.035794
-0.00392213
-0.147142
-0.0146639
-0.159084
-0.293518
-0.0670888
-0.837598
0.476991
-0.555935
0.195329
-0.487628
0.0187195
-0.216348
0.119231
0.205419
-0.0515772
0.0123753
-0.0324331
-0.0535503
0.000326193
-0.0131917
0
-0.0204658
0.0511744
0.00789722
-0.00114908
-0.0166537
-0.00369206
0
-0.00140982
0.0196439
0.0429875
-0.00954725
-0.00838941
-0.0113065
-0.116025
0.00821476
-0.0134348
-0.00240284
-0.0204005
-0.000739861
-0.00110722
0.00362691
0
0.000775926
-0.017188
-0.0226042
-0.00145854
0
-0.00440475
0.0228893
-0.0340195
0
0
0
0
